gesture_name,sensor1,sensor2,sensor3,sensor4,sensor5,sensor6,sensor7
rock,125.6,284.8,130.1,308.1,303.0,285.5,292.6
rock,125.7,285.3,130.3,308.2,303.3,285.8,293.0
rock,125.6,285.2,130.0,307.9,302.8,285.4,292.7
rock,125.4,285.0,130.1,307.8,302.9,285.2,292.8
rock,125.5,285.2,130.1,308.0,303.3,285.4,292.8
rock,125.4,285.0,130.0,307.8,302.9,285.1,292.5
rock,125.5,285.1,130.3,307.9,302.9,285.4,292.7
rock,125.5,284.8,130.2,307.4,302.9,284.9,292.8
rock,125.5,284.9,130.1,307.7,302.8,285.0,292.5
rock,125.3,285.1,129.9,307.5,302.7,284.8,292.5
rock,125.5,285.0,130.1,308.1,302.7,285.1,292.7
rock,125.4,284.8,129.9,307.9,302.4,284.8,292.5
rock,125.5,284.7,130.3,307.6,302.5,285.0,292.3
rock,125.6,285.5,130.2,307.7,302.8,285.5,292.5
rock,125.4,285.1,130.1,307.8,302.5,285.3,292.6
rock,125.3,284.9,130.1,307.6,302.5,285.3,292.5
rock,125.6,284.8,130.1,307.8,302.8,285.4,292.6
rock,125.5,285.2,130.0,307.6,302.6,285.0,292.5
rock,125.8,285.2,130.2,308.1,302.7,285.5,292.7
rock,125.6,285.2,130.1,307.9,302.6,285.4,292.9
rock,125.6,285.3,130.3,308.2,303.3,285.5,293.3
rock,125.5,285.0,130.1,307.9,302.8,285.1,292.5
rock,125.4,285.1,130.1,307.7,302.7,285.3,292.3
rock,125.3,285.0,130.2,307.8,302.5,285.1,292.8
rock,125.6,285.0,130.3,308.2,302.9,285.3,292.8
rock,125.7,285.2,130.3,307.9,302.8,285.2,292.8
rock,125.7,285.4,130.4,308.0,303.1,285.9,292.9
rock,125.7,285.4,130.2,307.6,302.7,285.1,292.7
rock,125.5,285.3,130.3,307.8,303.1,285.5,292.7
rock,125.7,285.4,130.3,307.8,302.6,285.4,292.8
rock,125.8,285.3,130.3,307.8,302.7,285.6,292.9
rock,125.5,285.3,130.0,308.1,302.8,285.4,292.8
rock,125.4,285.2,130.3,307.9,302.9,285.4,292.7
rock,125.6,285.3,130.2,307.7,302.7,285.7,293.2
rock,125.5,284.9,129.9,307.9,302.2,284.9,292.5
rock,125.6,285.1,130.0,307.4,302.5,284.9,292.3
rock,125.6,285.1,130.0,307.9,302.9,285.5,292.7
rock,125.4,285.1,130.1,307.5,302.8,285.0,292.6
rock,125.5,285.3,130.0,307.8,302.5,285.2,292.5
rock,125.3,285.1,130.2,307.8,302.8,285.4,292.5
rock,125.8,285.4,130.2,308.1,303.0,285.5,292.8
rock,125.6,285.3,130.0,307.9,302.6,285.1,292.4
rock,125.4,285.2,130.1,308.1,302.8,285.3,292.7
rock,125.6,285.2,130.2,307.8,303.0,285.3,292.9
rock,125.6,285.2,130.1,307.8,302.6,285.6,292.6
rock,125.7,285.1,130.3,308.0,302.7,285.0,292.4
rock,125.6,285.2,130.2,307.9,303.0,285.2,292.2
rock,125.7,285.2,130.2,308.1,303.1,285.6,292.7
rock,125.4,285.2,130.2,308.1,303.5,285.4,293.1
rock,125.8,285.5,130.5,308.6,304.8,286.4,294.1
rock,125.8,286.0,130.5,309.4,306.2,287.1,294.9
rock,125.8,286.9,130.6,309.3,308.1,289.1,295.5
rock,126.1,288.0,131.1,309.7,310.5,290.7,296.9
rock,126.5,289.5,131.8,311.6,314.8,293.8,298.5
rock,126.6,290.8,131.8,314.5,319.0,297.1,300.8
rock,126.8,292.2,132.2,317.6,324.2,301.6,303.5
rock,126.8,293.6,132.4,321.9,329.1,306.2,306.4
rock,127.0,294.3,132.5,326.4,333.0,310.4,310.4
rock,127.1,295.9,132.8,331.2,337.6,315.5,314.4
rock,127.1,298.7,133.6,336.4,341.1,319.6,318.6
rock,127.4,302.2,133.8,341.3,345.2,323.9,322.3
rock,127.8,305.8,134.3,344.4,348.3,327.2,324.5
rock,127.9,307.8,134.5,346.1,349.7,328.6,326.3
rock,128.0,310.1,135.0,347.8,351.9,329.9,328.0
rock,128.2,312.0,135.1,348.8,353.4,331.3,329.3
rock,128.8,314.0,135.8,350.3,354.5,332.1,330.7
rock,128.7,315.4,135.8,351.0,355.0,332.0,331.4
rock,129.0,316.6,136.0,351.5,355.4,332.5,332.1
rock,129.2,317.5,136.0,351.8,355.5,332.0,331.9
rock,129.1,318.3,136.0,352.0,355.5,332.4,332.4
rock,129.2,319.3,136.2,352.6,356.3,333.2,333.7
rock,129.3,320.0,136.1,352.2,356.1,332.5,333.5
rock,129.4,320.4,136.4,353.0,356.7,332.9,333.9
rock,129.5,321.4,136.6,353.3,356.9,333.1,334.5
rock,129.6,321.7,136.9,353.3,356.6,333.0,334.4
rock,129.6,321.6,136.5,353.0,356.6,333.0,334.3
rock,129.8,321.8,136.6,354.3,357.4,333.5,335.4
rock,129.6,322.4,136.6,354.4,357.1,333.4,335.1
rock,129.8,322.6,137.0,354.8,357.7,333.4,335.6
rock,129.7,322.9,136.8,355.0,357.7,333.7,335.6
rock,129.8,323.1,137.0,355.2,358.1,333.2,336.7
rock,129.5,322.9,136.8,354.8,357.6,332.6,336.1
rock,129.8,323.6,137.2,356.1,358.3,333.6,337.2
rock,129.8,323.8,137.0,355.9,358.4,333.9,337.7
rock,130.0,323.8,137.2,356.8,358.4,333.9,338.1
rock,129.8,323.8,136.9,356.3,358.4,333.5,338.1
rock,130.1,323.6,137.3,356.5,359.3,333.9,338.3
rock,130.1,324.1,137.5,356.9,359.6,334.2,339.0
rock,129.8,323.8,137.3,357.5,358.9,334.0,339.2
rock,130.1,324.0,137.3,357.7,359.5,333.5,339.2
rock,129.9,323.7,137.3,357.6,359.3,334.0,339.8
rock,130.2,324.1,137.3,358.1,360.2,334.5,340.6
rock,130.1,324.3,137.5,358.4,359.7,334.1,340.6
rock,130.0,323.6,137.6,358.3,360.3,333.8,340.6
rock,130.1,323.6,137.6,358.3,359.8,334.3,341.0
rock,130.5,324.4,137.8,359.6,360.8,334.7,342.3
rock,130.2,323.9,137.7,359.2,360.1,333.9,341.7
rock,130.0,324.0,137.7,358.9,359.9,334.3,341.6
rock,130.2,323.6,137.7,359.2,360.0,334.6,342.2
rock,130.0,323.6,137.6,359.1,360.2,334.3,342.4
rock,130.2,323.5,137.7,359.2,360.2,334.2,342.3
rock,130.2,323.8,137.8,359.4,360.3,334.3,342.8
rock,130.4,323.8,138.0,359.7,360.8,334.3,343.1
rock,130.5,323.7,138.1,359.7,360.9,334.8,343.1
rock,130.4,323.3,137.9,359.4,360.6,334.3,343.1
rock,130.2,323.5,138.0,359.4,360.5,334.4,343.4
rock,130.5,323.5,138.1,360.0,360.8,334.5,343.7
rock,130.4,323.4,138.0,359.9,360.8,334.5,343.6
rock,130.5,323.3,137.9,359.6,360.1,334.5,343.5
rock,130.3,323.4,137.9,359.6,360.7,334.9,343.2
rock,130.4,323.6,138.0,360.0,360.8,334.7,344.4
rock,130.3,323.5,138.0,359.9,360.2,334.3,344.1
rock,130.4,323.4,137.8,359.9,360.5,334.6,343.6
rock,130.2,323.1,137.9,360.0,360.1,334.5,344.0
rock,130.4,323.2,138.2,360.1,360.8,334.9,344.5
rock,130.3,323.0,138.1,360.0,360.6,334.6,343.8
rock,130.0,322.6,138.0,359.9,360.4,334.4,344.3
rock,130.4,323.3,138.2,360.4,360.7,334.5,344.2
rock,130.5,323.0,138.0,360.5,360.8,335.1,344.6
rock,130.3,323.1,138.0,360.4,360.9,334.4,344.3
rock,130.2,322.8,138.0,359.5,360.4,334.7,344.1
rock,130.0,322.4,138.0,360.2,360.5,334.6,344.2
rock,130.3,322.7,137.9,360.0,360.4,334.6,344.5
rock,130.3,322.8,138.0,360.6,360.7,334.7,344.7
rock,130.1,322.5,137.8,360.4,360.1,334.3,344.4
rock,130.2,322.2,137.9,360.4,360.6,334.6,344.3
rock,130.2,322.7,137.8,360.0,360.1,334.3,344.2
rock,130.4,322.4,138.1,360.8,361.0,335.1,345.2
rock,130.4,322.5,138.2,360.3,360.5,334.6,344.9
rock,130.2,322.5,138.1,360.7,360.9,335.0,345.0
rock,130.3,321.8,137.9,360.1,360.3,334.6,344.4
rock,130.1,321.8,137.8,360.2,360.6,334.4,344.3
rock,130.3,322.5,138.3,360.4,361.3,335.1,344.9
rock,130.4,322.0,138.1,360.6,360.5,334.4,344.9
rock,130.3,322.3,138.1,360.6,361.0,335.1,345.2
rock,130.3,322.5,138.0,360.4,360.7,335.0,345.4
rock,130.1,322.4,137.9,360.1,360.3,334.3,344.7
rock,130.1,322.4,138.0,360.7,360.8,334.5,345.0
rock,130.4,322.2,138.1,360.1,360.8,334.8,344.9
rock,130.3,322.4,138.1,360.4,360.6,334.9,344.8
rock,130.3,322.6,138.2,360.3,361.0,335.0,345.0
rock,130.2,322.7,138.1,360.6,360.7,334.7,344.7
rock,130.3,322.4,138.3,360.5,360.9,334.9,344.9
rock,130.1,322.1,138.0,360.1,360.4,334.6,344.9
rock,130.2,322.2,138.2,360.5,360.8,334.5,345.0
rock,130.0,322.8,137.9,360.6,361.0,335.0,344.6
rock,130.3,322.6,138.0,360.3,360.9,334.5,344.9
rock,130.0,322.4,137.9,360.1,360.3,334.4,344.8
rock,130.1,322.4,138.1,359.8,360.4,334.5,344.6
rock,130.0,322.7,138.1,360.2,360.7,334.8,345.2
rock,130.1,322.3,138.1,360.3,361.0,334.7,345.2
rock,130.0,322.4,138.0,359.5,360.1,334.5,344.4
rock,130.0,322.4,137.8,359.6,360.2,334.7,344.3
rock,129.7,322.5,137.8,359.5,360.5,334.2,344.4
rock,130.1,322.9,138.3,360.1,360.6,334.9,344.9
rock,130.1,323.3,138.1,360.1,360.6,334.7,344.7
rock,130.1,322.4,138.0,359.9,360.5,334.4,344.5
rock,129.9,322.9,138.2,359.9,360.2,334.5,344.6
rock,129.9,322.6,137.9,359.3,360.2,334.3,344.5
rock,130.1,322.7,137.9,359.5,360.3,334.8,344.5
rock,130.1,322.9,138.0,359.8,360.4,334.5,344.4
rock,129.9,322.6,137.9,359.8,360.5,334.5,344.2
rock,130.1,322.8,138.0,359.6,359.9,334.4,344.3
rock,130.1,323.2,138.1,359.8,360.3,334.6,344.8
rock,130.0,322.8,137.7,359.6,360.1,334.1,344.5
rock,130.0,322.7,137.9,359.4,359.8,334.1,344.1
rock,130.1,323.3,138.0,359.8,360.7,334.9,344.6
rock,130.0,322.7,137.7,359.8,360.1,334.3,344.4
rock,129.8,323.0,138.0,359.7,360.4,334.3,344.6
rock,129.9,323.1,137.8,359.4,360.1,334.1,344.2
rock,130.1,322.8,138.0,359.8,360.4,334.5,344.2
rock,129.9,322.7,138.0,359.2,360.1,334.2,344.5
rock,129.8,322.8,137.8,359.0,360.0,333.7,343.8
rock,129.9,323.2,137.8,359.2,360.2,334.7,344.4
rock,129.9,323.0,137.9,358.9,359.9,334.2,344.5
rock,129.7,323.6,137.9,359.1,360.0,334.5,344.2
rock,129.7,322.8,137.6,359.1,359.5,334.3,344.2
rock,129.9,323.0,137.8,359.5,359.9,334.1,344.0
rock,129.9,322.8,137.6,359.3,359.7,333.9,343.8
rock,129.8,323.2,137.9,359.9,360.1,334.1,344.2
rock,129.9,323.1,137.9,359.1,360.1,334.0,344.5
rock,129.8,322.9,138.0,359.4,359.9,334.4,344.3
rock,129.9,323.2,137.8,358.7,359.7,334.2,343.7
rock,129.8,323.0,137.8,359.1,359.5,334.2,343.7
rock,129.9,322.6,137.8,358.8,360.0,334.3,344.0
rock,129.8,323.3,137.8,359.2,359.9,334.3,343.9
rock,129.8,323.3,138.0,359.1,359.9,334.5,344.0
rock,130.0,323.1,137.9,358.9,359.8,334.2,343.8
rock,129.9,322.8,137.6,358.9,360.0,334.0,344.0
rock,129.7,322.7,137.7,358.5,359.6,333.7,343.6
rock,129.7,323.2,137.8,358.9,359.8,334.1,343.9
rock,129.8,323.1,137.7,358.8,360.1,333.7,343.5
rock,129.9,323.3,137.9,359.1,360.3,333.8,343.7
rock,129.7,323.1,137.8,358.8,360.3,334.3,343.7
rock,129.8,323.2,137.7,358.7,360.0,334.1,343.4
rock,129.9,322.9,137.8,358.7,359.6,334.0,343.6
rock,129.9,323.7,137.8,358.6,360.0,334.7,343.9
rock,130.0,323.4,138.0,359.0,360.0,333.8,343.9
rock,130.0,323.4,137.8,359.2,360.1,334.2,344.0
rock,129.8,323.2,137.9,359.3,360.1,334.4,343.7
rock,129.8,322.9,137.8,358.7,359.7,333.8,343.5
rock,129.7,322.8,137.7,358.8,359.7,334.0,343.6
rock,129.9,323.5,137.9,358.8,360.2,333.9,343.9
rock,129.8,323.1,137.8,358.9,360.1,333.6,343.4
rock,129.8,323.1,137.8,358.6,359.6,334.0,343.4
rock,129.9,322.9,137.9,358.9,360.0,334.1,343.9
rock,129.6,322.6,137.5,358.6,359.4,333.6,343.2
rock,129.7,322.7,137.8,358.4,359.7,334.0,343.2
rock,129.9,323.0,137.8,358.4,359.1,334.1,343.5
rock,129.7,322.9,137.3,358.5,359.3,333.6,343.4
rock,130.0,322.9,137.7,358.9,359.9,334.0,343.8
rock,129.7,322.8,137.5,358.1,359.4,333.5,343.2
rock,129.8,322.7,137.6,358.7,359.4,333.2,343.1
rock,129.7,322.8,137.7,358.5,359.6,334.0,343.8
rock,129.8,323.0,137.7,358.8,359.7,334.0,343.8
rock,129.8,322.6,137.6,358.8,359.4,333.8,342.9
rock,129.8,322.7,137.6,358.5,359.6,333.7,343.2
rock,129.5,322.1,137.4,358.1,358.7,333.2,342.6
rock,129.7,322.7,137.5,359.0,359.6,333.5,343.5
rock,129.5,322.0,137.5,358.5,359.3,333.5,342.9
rock,129.6,322.2,137.4,358.5,359.5,333.4,343.5
rock,129.7,322.7,137.6,359.3,359.7,333.9,343.5
rock,129.9,322.9,137.5,358.7,359.5,333.4,343.3
rock,129.5,322.4,137.6,358.5,359.8,333.7,343.1
rock,129.8,322.4,137.6,358.3,359.8,334.0,343.4
rock,129.6,322.3,137.4,358.3,359.3,333.4,343.1
rock,129.7,322.5,137.6,358.3,359.4,333.7,343.3
rock,129.9,322.3,137.3,358.6,359.7,333.7,343.2
rock,129.8,322.0,137.4,358.5,359.2,333.4,342.8
rock,129.6,322.4,137.5,358.6,360.2,333.6,343.4
rock,129.6,321.8,137.3,358.4,359.4,333.6,342.8
rock,129.8,321.7,137.3,358.3,359.5,333.2,342.3
rock,129.6,322.0,137.2,358.2,359.4,333.4,342.8
rock,129.8,321.6,137.3,358.7,359.8,333.6,343.0
rock,129.6,321.8,137.4,358.1,359.9,333.6,342.8
rock,129.8,321.4,137.2,358.4,359.5,333.6,343.2
rock,129.6,321.5,137.2,358.1,359.6,333.3,342.6
rock,129.7,321.2,137.2,358.3,359.6,333.3,342.8
rock,129.5,321.2,137.1,357.9,359.3,332.9,342.4
rock,129.5,321.4,137.1,358.0,359.4,333.7,342.7
rock,129.4,320.8,136.9,357.8,359.1,333.0,342.6
rock,129.4,321.2,137.0,358.4,359.7,333.2,342.4
rock,129.6,320.9,137.0,357.7,359.8,332.9,342.0
rock,129.5,321.3,137.1,358.2,359.5,333.1,342.4
rock,129.5,321.0,137.0,358.0,359.4,333.3,342.2
rock,129.2,321.2,137.1,358.5,359.6,332.9,342.2
rock,129.4,320.8,136.8,357.8,359.2,333.3,342.3
rock,129.5,321.0,137.2,358.5,359.5,333.5,342.0
rock,129.4,320.8,136.9,357.7,359.1,332.7,342.1
rock,129.6,321.3,137.2,358.1,359.8,333.6,342.1
rock,129.6,321.5,137.1,358.2,359.6,333.3,342.2
rock,129.4,320.8,137.0,358.0,359.4,333.2,341.9
rock,129.2,320.2,136.7,357.7,359.0,332.6,341.5
rock,129.6,320.7,136.9,357.3,359.0,333.0,341.8
rock,129.4,320.4,137.1,358.0,359.2,332.9,341.8
rock,129.4,320.7,137.1,357.7,359.1,333.1,341.9
rock,129.4,320.7,136.9,357.9,359.2,333.5,342.0
rock,129.4,320.4,137.0,357.4,359.5,333.0,341.3
rock,129.3,320.5,136.8,357.8,358.9,333.1,341.6
rock,129.4,320.9,137.1,358.3,359.2,333.0,341.9
rock,129.6,321.0,137.0,358.4,359.4,333.2,341.6
rock,129.4,320.8,137.0,357.9,359.6,332.8,341.7
rock,129.3,320.6,137.0,357.9,359.4,333.0,341.5
rock,129.5,321.1,137.1,357.6,358.9,332.6,341.8
rock,129.3,320.5,137.0,357.5,359.0,332.8,341.4
rock,129.6,320.8,137.2,358.4,359.8,333.4,341.5
rock,129.4,320.6,136.7,357.7,359.2,333.5,341.6
rock,129.3,320.6,136.8,357.6,359.1,333.2,341.6
rock,129.3,320.7,136.9,357.8,359.4,332.9,341.6
rock,129.5,320.8,137.0,357.5,359.4,333.0,341.3
rock,129.5,320.8,136.9,357.8,358.6,333.1,341.3
rock,129.4,320.6,137.0,357.8,359.3,332.7,341.8
rock,129.3,320.3,137.0,357.5,358.7,332.6,340.8
rock,129.4,320.4,136.8,357.7,359.1,332.9,341.3
rock,129.4,320.3,137.0,358.2,359.1,332.9,341.5
rock,129.4,320.6,137.0,357.9,358.7,333.0,341.3
rock,129.4,320.8,137.0,357.9,359.2,333.2,341.7
rock,129.3,320.6,137.1,357.8,359.1,332.5,341.0
rock,129.5,320.9,137.1,358.4,359.0,333.3,341.7
rock,129.4,320.5,136.9,357.8,359.3,332.7,341.2
rock,129.5,320.4,136.9,357.9,359.2,332.8,341.3
rock,129.6,320.6,137.1,358.1,359.6,333.1,341.2
rock,129.5,320.5,137.0,357.6,359.2,332.9,341.3
rock,129.3,320.5,136.9,357.4,358.8,332.8,341.2
rock,129.5,320.0,137.0,357.9,359.4,333.0,341.4
rock,129.5,320.4,137.0,357.9,358.9,333.1,341.7
rock,129.7,320.2,137.0,357.6,359.1,332.7,341.3
rock,129.4,320.3,137.0,357.9,358.9,332.9,340.6
rock,129.4,320.5,137.1,357.3,358.6,332.8,341.1
rock,129.6,320.6,137.2,358.0,359.0,333.3,341.7
rock,129.4,320.2,136.9,356.9,358.4,332.2,340.9
rock,129.4,320.1,136.8,357.1,358.6,332.7,340.9
rock,129.4,320.2,137.0,357.4,359.1,332.9,340.8
rock,129.4,320.5,137.0,357.6,358.8,332.7,341.1
rock,129.2,320.4,136.9,357.4,359.2,332.8,340.9
rock,129.5,320.4,137.0,357.8,359.1,332.8,341.3
rock,129.3,319.7,136.9,357.1,358.9,332.4,340.7
rock,129.4,320.1,136.9,357.5,359.0,332.6,340.7
rock,129.2,320.5,136.8,357.3,359.2,332.7,340.7
rock,129.4,320.4,137.0,357.6,359.1,332.4,340.9
paper,129.4,320.2,136.7,357.1,358.9,332.6,340.9
paper,129.4,320.2,136.9,357.1,358.8,332.9,340.6
paper,129.5,320.4,137.0,357.4,359.0,333.1,341.0
paper,129.2,320.0,136.8,356.9,358.2,332.0,340.0
paper,129.5,320.2,137.0,357.4,358.9,332.8,340.5
paper,129.4,319.9,136.9,356.9,358.5,332.9,340.6
paper,129.4,320.1,137.1,356.9,358.9,332.5,340.7
paper,129.3,319.8,136.8,356.9,358.6,332.2,340.4
paper,129.3,320.1,136.9,357.2,358.6,332.7,340.1
paper,129.2,319.9,136.7,356.7,358.4,332.0,339.9
paper,129.2,320.1,136.9,356.8,358.8,332.2,340.6
paper,129.2,319.5,136.7,356.9,358.5,332.1,340.2
paper,129.2,319.5,136.7,356.4,358.2,332.4,340.0
paper,129.1,319.5,136.8,356.3,358.3,332.2,339.9
paper,129.1,319.5,136.5,356.1,358.1,332.1,339.6
paper,129.3,320.3,137.1,357.2,358.8,332.9,340.5
paper,129.3,320.1,136.9,356.8,358.5,332.6,340.3
paper,129.2,320.0,136.7,356.5,358.6,332.5,340.1
paper,129.5,320.1,136.9,357.3,358.3,332.6,340.3
paper,129.3,319.7,136.7,356.5,358.0,332.2,340.0
paper,129.2,319.9,136.8,356.3,358.5,332.3,339.9
paper,129.3,320.0,137.0,356.4,357.9,332.1,339.7
paper,129.1,319.7,136.7,356.3,358.1,332.0,339.7
paper,129.0,320.2,136.8,356.6,358.3,332.5,339.9
paper,129.3,319.5,136.7,356.1,358.1,332.2,339.9
paper,129.1,319.5,136.7,356.4,358.2,332.0,339.5
paper,129.2,319.5,136.7,356.2,357.5,331.9,339.8
paper,129.0,319.7,136.8,356.3,357.9,332.3,339.3
paper,129.2,319.7,136.7,356.3,358.0,332.3,339.9
paper,129.4,319.8,136.9,356.7,358.4,332.4,340.3
paper,129.3,319.8,136.7,356.5,358.4,332.2,339.6
paper,129.1,319.6,136.7,356.1,357.4,331.9,339.2
paper,129.1,320.2,136.7,356.4,358.4,332.3,339.9
paper,129.3,319.7,136.7,356.5,357.6,332.2,340.2
paper,129.4,319.9,136.9,356.6,358.7,332.5,340.2
paper,129.5,320.2,136.8,356.1,358.3,332.3,339.9
paper,129.4,320.1,136.7,357.0,358.3,332.3,339.7
paper,129.0,319.6,136.9,356.4,357.7,331.7,339.4
paper,129.3,320.1,136.8,356.7,358.2,332.1,339.9
paper,129.2,319.7,136.8,356.1,357.8,331.9,339.5
paper,129.2,319.8,136.9,356.3,358.8,332.5,340.3
paper,129.2,319.8,136.8,356.4,358.2,332.3,339.8
paper,129.0,319.5,136.8,356.0,357.5,332.2,338.9
paper,129.1,319.7,136.6,356.2,357.4,332.0,339.8
paper,129.2,319.7,136.8,356.8,358.3,332.2,340.0
paper,129.0,319.9,137.0,356.1,357.9,332.1,339.5
paper,129.3,320.0,137.1,356.7,358.5,332.4,339.8
paper,129.1,319.6,136.7,356.1,357.9,332.1,339.1
paper,129.4,319.8,136.9,356.1,357.9,332.5,339.6
paper,129.0,319.1,136.6,355.5,357.2,331.5,338.7
paper,129.0,319.4,136.7,356.0,357.9,331.8,339.5
paper,129.0,319.4,136.6,355.7,357.9,331.9,339.1
paper,129.2,319.6,136.8,356.1,357.7,332.3,339.1
paper,129.1,319.4,136.8,355.4,357.6,332.1,338.9
paper,129.1,319.5,136.6,355.6,357.6,331.4,338.7
paper,129.3,319.3,136.6,355.3,357.6,331.9,339.0
paper,128.9,319.2,136.6,355.1,357.5,331.3,338.4
paper,128.9,319.0,136.4,354.9,356.8,331.2,338.3
paper,129.0,318.7,136.3,354.3,356.6,331.1,337.5
paper,129.0,318.4,136.6,353.8,356.2,330.9,337.4
paper,128.4,317.8,135.7,351.9,354.7,329.5,335.3
paper,128.3,316.5,135.7,350.3,353.9,328.4,334.8
paper,128.0,314.0,135.4,348.1,352.2,326.7,332.4
paper,127.5,311.5,134.8,346.2,349.6,324.4,329.8
paper,127.3,308.3,134.6,343.2,346.7,320.8,326.1
paper,127.1,304.6,134.1,340.0,342.2,317.2,322.7
paper,126.6,300.6,133.6,335.9,337.0,312.4,318.5
paper,126.4,296.8,133.1,331.7,331.1,307.7,315.2
paper,126.0,292.9,132.5,325.9,325.2,301.9,312.0
paper,125.4,289.3,131.9,321.3,318.8,296.7,307.2
paper,125.6,288.4,132.0,318.5,315.2,292.6,304.7
paper,125.0,286.6,131.6,315.3,309.8,289.0,299.8
paper,124.6,285.2,131.2,313.0,306.3,287.0,295.7
paper,124.0,285.0,131.2,311.5,304.1,286.6,293.8
paper,124.0,284.6,130.9,310.0,301.8,285.1,291.7
paper,123.8,284.2,130.7,308.4,299.9,284.2,290.0
paper,123.8,284.3,130.7,307.8,298.4,283.6,289.2
paper,123.7,284.2,130.2,307.4,297.0,283.2,288.2
paper,123.6,283.5,129.8,306.4,295.2,282.3,287.2
paper,123.7,283.6,129.6,306.1,294.9,282.7,287.0
paper,123.4,283.0,129.6,305.5,293.9,282.1,286.4
paper,123.3,283.0,129.2,304.8,293.1,282.4,286.1
paper,123.4,282.9,129.3,305.0,292.6,282.9,286.6
paper,123.3,282.1,128.9,303.9,292.0,282.1,285.5
paper,123.0,281.5,128.6,303.2,291.4,282.0,285.1
paper,123.4,281.7,129.1,303.3,291.8,282.4,285.3
paper,123.3,280.9,128.9,302.9,291.8,282.3,285.2
paper,123.1,280.5,128.6,302.1,291.4,282.2,284.6
paper,123.1,280.1,128.6,302.1,291.5,282.2,284.6
paper,123.0,280.0,128.5,301.5,291.4,282.1,284.7
paper,123.2,279.7,128.4,301.5,291.2,282.1,284.7
paper,123.0,279.3,128.4,301.4,291.4,281.9,284.5
paper,123.0,279.5,128.7,301.1,291.2,282.0,284.7
paper,123.0,279.1,128.5,300.9,290.9,281.9,284.2
paper,122.9,278.9,128.3,300.7,290.9,281.7,284.3
paper,122.9,279.0,128.6,300.7,291.2,281.8,284.5
paper,123.2,278.7,128.5,301.0,291.2,281.8,284.6
paper,123.0,278.8,128.5,300.2,291.3,281.9,284.5
paper,122.9,278.5,128.5,300.3,290.7,281.6,284.4
paper,123.0,278.9,128.5,300.6,291.5,281.8,284.5
paper,122.7,278.0,128.4,300.2,290.7,281.6,284.5
paper,123.1,278.3,128.5,300.5,291.0,282.0,284.6
paper,122.6,278.2,128.1,300.1,290.6,281.4,283.9
paper,122.8,278.4,128.5,300.1,291.2,281.5,284.5
paper,122.8,278.4,128.4,300.3,291.0,281.6,284.2
paper,122.7,278.0,128.2,300.0,290.3,281.6,284.2
paper,122.9,278.5,128.4,300.3,290.9,281.6,284.3
paper,122.8,278.1,128.4,300.3,291.4,281.5,284.4
paper,122.6,278.0,128.0,300.1,290.8,281.3,284.4
paper,122.9,278.6,128.2,300.9,291.4,281.8,284.6
paper,123.0,278.2,128.4,300.5,291.0,281.8,284.6
paper,122.7,277.7,128.3,300.7,291.1,281.4,284.2
paper,123.1,278.4,128.2,301.2,291.2,281.8,284.5
paper,122.5,277.8,128.2,300.5,290.6,281.6,284.5
paper,122.9,277.8,128.1,300.8,290.8,281.5,284.3
paper,122.7,277.9,128.2,300.7,291.1,281.5,284.6
paper,122.9,277.9,128.2,300.6,290.8,281.4,284.4
paper,122.8,277.8,128.4,300.6,291.0,281.6,284.6
paper,122.8,277.9,128.0,300.7,291.0,281.4,284.2
paper,122.6,277.4,128.1,300.3,290.9,281.3,284.6
paper,122.6,277.2,128.3,300.8,291.2,281.7,284.8
paper,122.7,278.0,128.0,300.7,291.3,281.4,284.7
paper,122.9,277.8,128.3,300.8,291.1,281.5,284.9
paper,122.7,277.7,128.1,300.7,291.1,281.3,284.4
paper,122.8,277.6,128.2,300.8,291.2,281.5,284.8
paper,122.8,277.9,128.1,300.7,290.9,281.4,284.5
paper,122.7,277.5,128.1,300.3,291.0,281.4,284.5
paper,122.7,277.2,128.1,300.8,291.0,281.4,284.4
paper,122.8,278.1,128.4,301.3,291.5,282.0,285.1
paper,122.9,277.8,128.0,300.2,290.8,281.2,284.6
paper,123.1,277.9,128.0,300.8,291.6,281.7,284.7
paper,122.7,277.9,128.4,301.1,291.3,281.5,285.1
paper,122.7,277.6,128.0,300.7,291.1,281.5,284.7
paper,122.9,277.4,128.2,301.0,291.1,281.6,285.0
paper,122.8,277.7,128.2,301.0,291.4,281.5,285.2
paper,122.8,277.4,128.2,301.1,291.5,281.6,285.1
paper,123.0,277.4,128.1,301.0,291.1,281.5,285.0
paper,122.6,276.8,127.9,300.4,290.9,281.0,284.7
paper,122.7,277.5,128.1,300.9,291.1,281.3,284.8
paper,122.8,277.5,127.9,300.9,291.0,281.4,284.4
paper,122.8,277.3,128.2,300.9,291.4,281.2,284.7
paper,122.7,277.2,128.0,301.0,291.4,281.5,285.3
paper,122.8,277.1,128.1,301.1,291.3,281.4,285.0
paper,122.7,276.6,127.9,301.0,291.4,281.4,285.0
paper,122.6,276.6,128.0,300.9,290.9,281.5,284.9
paper,122.6,277.1,128.2,301.3,291.6,281.6,285.3
paper,122.6,276.9,128.0,301.2,291.2,281.4,284.9
paper,122.7,277.0,128.1,301.5,291.4,281.5,285.2
paper,122.7,276.6,128.0,300.9,290.8,281.5,284.9
paper,122.8,276.7,128.2,301.1,291.3,281.7,285.4
paper,122.7,276.4,128.0,301.1,291.3,281.4,285.0
paper,122.8,276.6,127.8,301.0,291.2,281.3,285.2
paper,122.6,276.5,127.9,301.0,291.3,281.6,285.3
paper,122.9,276.6,128.1,300.8,291.5,281.2,285.0
paper,122.7,276.1,127.7,300.9,291.2,281.4,284.8
paper,122.6,276.4,128.1,301.1,291.6,281.2,285.4
paper,122.9,276.4,128.2,301.1,291.6,281.5,285.6
paper,122.6,276.4,127.9,301.3,291.4,281.3,285.3
paper,122.8,276.5,128.0,301.4,291.5,281.6,285.4
paper,122.8,276.6,128.0,301.3,291.9,281.3,285.3
paper,122.9,276.7,128.2,300.9,291.9,281.7,285.6
paper,122.6,276.6,127.9,301.4,291.4,281.6,285.4
paper,122.6,276.6,127.9,301.0,291.8,281.3,285.6
paper,122.7,276.7,128.2,301.0,291.7,281.3,285.2
paper,122.9,277.0,127.9,301.1,291.9,281.6,285.7
paper,122.5,276.4,127.9,300.9,291.5,281.5,285.5
paper,122.7,276.3,127.8,300.9,291.3,281.1,285.0
paper,122.6,276.1,128.0,301.0,291.5,281.3,285.1
paper,122.7,276.4,128.0,301.3,291.5,281.2,285.1
paper,122.8,276.4,128.0,300.9,291.6,281.7,285.3
paper,122.8,276.3,128.2,301.3,291.3,281.4,285.3
paper,122.7,275.8,128.0,301.1,291.7,281.4,285.5
paper,122.7,276.1,128.1,301.1,291.9,281.7,285.9
paper,122.9,275.7,127.9,300.8,291.1,281.4,285.7
paper,122.7,275.9,127.8,300.7,291.4,281.4,285.4
paper,122.7,275.9,127.9,301.0,291.1,281.2,285.4
paper,122.4,275.2,127.7,300.5,290.5,280.8,285.2
paper,122.9,275.9,128.0,301.1,291.7,281.6,286.0
paper,122.6,275.8,127.9,300.8,291.3,281.7,285.9
paper,122.7,275.6,127.8,300.7,291.2,281.3,285.6
paper,122.7,276.3,128.0,301.3,291.5,281.3,285.9
paper,122.6,275.4,127.7,301.1,290.9,281.1,285.4
paper,122.8,275.8,127.8,300.9,291.3,281.2,285.6
paper,122.6,275.5,127.7,300.6,290.9,281.2,285.5
paper,122.8,275.6,128.0,300.9,291.2,281.3,285.8
paper,122.6,275.9,128.1,301.0,291.5,281.2,285.8
paper,122.7,275.6,128.1,301.1,291.3,281.2,285.4
paper,123.0,275.9,128.1,300.9,291.5,281.6,285.8
paper,122.6,275.3,127.7,300.6,290.9,281.0,285.3
paper,122.8,275.7,128.0,301.2,291.4,281.6,285.8
paper,122.8,275.6,128.0,301.0,291.4,281.3,285.9
paper,122.7,275.5,128.1,300.8,291.7,280.9,285.7
paper,122.6,275.3,127.9,300.6,291.4,281.0,285.6
paper,122.9,275.5,128.0,300.7,291.2,281.1,285.7
paper,122.8,275.7,127.9,300.7,291.6,281.4,285.8
paper,122.5,275.3,127.7,300.9,291.4,281.0,285.5
paper,122.4,275.3,127.9,300.7,291.2,281.2,285.8
paper,122.7,275.8,127.9,301.0,291.3,281.1,285.7
paper,122.7,275.8,128.1,300.9,291.4,281.5,285.6
paper,122.5,275.4,127.7,300.8,291.1,280.9,285.3
paper,122.4,275.3,127.9,300.6,291.3,281.3,285.7
paper,122.8,275.5,127.9,300.7,291.3,281.3,285.6
paper,122.6,275.3,127.9,300.8,291.4,281.2,285.5
paper,122.5,275.2,127.7,300.5,290.7,280.6,285.1
paper,122.6,275.6,128.0,300.8,291.1,281.0,285.7
paper,122.8,275.6,127.9,301.1,291.5,281.8,285.7
paper,122.6,275.6,127.9,300.6,290.8,280.8,285.4
paper,122.6,275.6,127.8,300.8,291.7,281.1,285.8
paper,122.7,275.7,127.9,300.9,291.5,281.3,285.9
paper,122.8,275.7,128.0,300.9,291.5,281.1,285.7
paper,122.8,275.8,128.0,300.6,291.4,281.3,285.4
paper,122.5,275.6,127.6,300.5,291.1,281.1,285.1
paper,122.8,275.8,127.9,300.8,291.3,281.1,285.9
paper,122.7,275.5,127.8,300.7,291.3,280.8,285.6
paper,122.8,275.3,128.0,301.1,291.9,281.4,285.9
paper,122.7,275.7,127.8,300.5,291.1,280.9,285.3
paper,122.6,275.2,127.8,300.5,291.0,281.0,285.4
paper,122.5,275.4,127.8,300.5,291.1,281.2,285.5
paper,122.6,275.4,127.7,301.1,291.5,281.3,285.8
paper,122.7,275.4,128.0,300.7,291.1,281.2,285.6
paper,122.7,275.0,127.7,300.5,291.4,281.1,285.3
paper,122.7,275.7,127.8,301.1,291.4,281.4,285.7
paper,122.8,275.4,128.0,301.1,291.2,281.3,286.0
paper,122.6,275.4,127.9,301.0,291.2,281.3,285.7
paper,122.8,275.4,128.0,301.2,291.3,281.4,285.7
paper,122.8,275.4,128.0,301.0,291.0,281.1,285.6
paper,122.7,275.3,127.9,300.9,291.4,281.1,285.9
paper,122.6,275.0,127.7,300.7,291.0,281.0,285.4
paper,122.5,275.3,127.8,300.6,291.4,280.7,285.4
paper,122.8,275.7,127.9,301.1,291.7,281.4,286.1
paper,122.8,275.7,128.0,301.0,291.4,281.1,285.9
paper,122.6,275.5,127.9,301.1,291.5,281.1,285.5
paper,122.7,275.3,127.9,300.7,291.2,281.0,285.6
paper,122.9,275.3,128.0,301.4,291.5,281.3,286.0
paper,122.5,275.4,128.0,300.9,291.1,281.0,285.6
paper,122.4,275.0,127.9,300.9,291.3,281.0,285.6
paper,122.5,275.3,127.8,301.0,291.3,280.9,285.4
paper,122.5,274.9,127.8,300.5,291.1,280.7,285.2
paper,122.8,275.0,128.0,301.0,291.4,280.9,285.8
paper,122.5,275.2,127.8,300.8,291.1,281.2,285.8
paper,122.7,274.9,127.6,300.3,291.0,280.8,285.7
paper,122.7,275.5,127.8,301.1,291.2,281.2,285.8
paper,122.8,275.3,128.1,300.8,291.3,281.2,285.8
paper,122.6,275.3,127.8,300.6,291.2,280.9,285.7
paper,122.6,275.2,127.8,300.7,291.5,281.1,285.7
paper,122.4,275.0,128.0,300.8,291.2,281.0,285.5
paper,122.6,274.8,127.9,300.5,291.2,280.7,285.3
paper,122.6,275.1,127.9,301.1,291.3,280.9,285.7
paper,122.7,275.2,127.9,300.7,291.5,280.9,285.7
paper,122.5,275.0,128.1,300.9,291.2,280.9,285.4
paper,122.8,275.2,127.8,300.8,291.4,281.0,285.8
paper,122.7,274.8,127.9,300.7,291.0,281.0,285.6
paper,122.6,275.0,127.9,300.8,291.1,281.0,285.6
paper,122.4,274.7,127.7,300.5,290.9,280.7,285.1
paper,122.7,275.0,127.8,300.6,291.0,280.9,285.4
paper,122.9,274.9,127.7,300.9,291.4,280.8,285.8
paper,122.5,275.1,127.8,300.8,291.0,280.7,285.4
paper,122.6,275.0,127.8,301.3,291.5,281.2,285.6
paper,122.3,274.9,127.7,300.7,291.3,280.7,285.2
paper,122.7,274.6,127.7,300.6,291.1,280.8,285.3
paper,122.7,275.1,128.0,300.9,291.2,280.9,285.6
paper,122.5,274.9,127.9,300.7,291.1,281.0,285.3
paper,122.6,274.8,127.8,300.6,291.1,280.6,285.2
paper,122.5,274.5,127.7,300.5,290.8,280.4,285.1
paper,122.5,275.0,127.8,300.6,290.9,280.5,285.2
paper,122.5,275.3,127.7,300.6,291.0,281.1,285.2
paper,122.7,275.2,127.7,301.1,291.3,281.4,286.1
paper,122.7,275.1,128.1,301.3,291.6,281.1,286.0
paper,122.5,274.9,127.7,300.4,290.6,280.6,285.4
paper,122.7,274.9,127.8,300.7,291.4,280.8,285.8
paper,122.7,275.2,127.9,300.6,291.1,281.1,285.6
paper,122.7,275.0,127.8,301.0,291.4,281.2,285.7
paper,122.6,274.6,127.8,300.8,291.1,280.8,285.4
paper,122.4,274.9,127.8,300.9,291.2,281.2,285.5
paper,122.5,275.0,127.9,301.0,291.4,281.1,285.9
paper,122.7,274.9,127.8,300.8,291.4,281.0,285.5
paper,122.5,274.7,127.8,300.7,291.2,280.6,285.3
paper,122.6,274.8,127.8,301.0,291.3,281.1,285.7
paper,122.7,275.0,128.0,301.0,291.3,280.9,286.1
paper,122.4,274.1,127.7,300.3,290.7,280.6,285.5
paper,122.7,274.9,127.8,300.6,291.3,280.8,285.9
paper,122.5,274.7,127.9,300.6,291.4,280.5,285.4
paper,122.4,274.6,127.9,300.9,291.4,281.0,285.3
paper,122.7,274.8,127.9,300.9,291.3,280.8,285.7
paper,122.7,274.9,127.8,301.2,291.5,281.2,285.7
paper,122.6,274.6,127.6,300.9,291.2,280.8,285.8
paper,122.7,274.7,127.7,300.8,290.9,280.8,285.5
paper,122.4,274.5,127.6,300.8,291.2,280.9,285.4
paper,122.5,274.7,127.6,300.7,291.4,281.0,285.6
paper,122.7,274.6,127.7,300.7,291.3,280.9,285.4
paper,122.6,274.8,127.9,301.0,291.3,281.3,285.6
paper,122.6,274.7,127.9,301.0,291.3,281.3,285.5
paper,122.7,274.6,128.0,300.8,291.2,281.0,285.7
paper,122.5,274.5,127.8,300.3,291.0,280.5,285.4
paper,122.6,274.7,128.1,301.0,291.1,281.0,285.3
paper,122.8,274.7,127.7,300.9,291.2,280.9,285.5
paper,122.5,274.4,127.6,300.6,291.2,280.6,285.5
paper,122.4,274.6,127.6,300.7,291.0,281.0,285.8
paper,122.5,274.8,128.0,300.9,291.6,281.0,286.2
paper,122.4,274.6,127.8,300.6,291.4,280.8,285.7
scissors,122.5,274.6,127.7,300.7,291.2,280.7,285.6
scissors,122.8,274.9,127.9,301.1,291.7,281.1,285.8
scissors,122.8,274.8,127.9,301.2,291.4,281.2,285.9
scissors,122.7,274.5,127.6,301.1,291.2,280.9,285.5
scissors,122.7,274.8,128.0,300.9,291.6,281.1,285.9
scissors,122.6,274.3,127.7,300.7,291.3,280.8,285.2
scissors,122.7,274.5,127.9,300.9,291.3,280.9,285.8
scissors,122.8,274.7,127.9,301.2,291.6,281.2,285.6
scissors,122.7,274.3,127.9,300.7,291.5,280.8,286.0
scissors,122.6,274.6,127.8,300.7,291.2,281.0,285.7
scissors,122.7,274.7,127.8,300.8,291.2,280.9,285.4
scissors,122.7,274.6,127.5,300.8,291.3,280.6,285.3
scissors,122.4,274.2,127.7,300.2,291.2,280.8,285.4
scissors,122.7,274.5,127.9,300.5,291.4,280.9,285.4
scissors,122.3,274.3,127.5,300.6,290.9,280.6,285.4
scissors,122.6,274.4,127.8,300.7,291.2,280.6,285.4
scissors,122.8,274.6,128.1,301.0,291.2,281.0,285.9
scissors,122.5,274.6,127.7,300.9,291.1,280.8,285.3
scissors,122.7,274.7,127.5,300.9,291.4,280.7,285.8
scissors,122.7,274.3,127.7,300.5,291.1,280.8,285.4
scissors,122.6,274.4,127.8,300.9,291.2,280.9,285.8
scissors,122.5,274.5,127.7,300.8,291.2,280.7,285.5
scissors,122.6,274.5,127.8,300.7,291.4,280.8,285.6
scissors,122.5,274.4,127.5,300.6,290.9,280.7,285.1
scissors,122.6,274.1,127.7,300.7,291.0,280.3,285.2
scissors,122.5,274.4,127.6,300.7,290.8,280.7,285.2
scissors,122.7,274.4,127.7,300.6,290.9,280.6,285.3
scissors,122.6,274.5,127.7,300.7,291.1,280.8,285.5
scissors,122.6,274.2,127.7,300.6,291.0,280.7,285.0
scissors,122.7,274.5,127.7,301.2,291.7,280.9,285.8
scissors,122.6,274.4,127.6,300.8,291.2,280.6,285.4
scissors,122.4,274.3,127.8,300.9,291.4,280.8,285.5
scissors,122.6,274.4,127.5,301.4,291.3,280.5,285.3
scissors,122.7,274.6,127.9,301.1,291.6,280.9,285.8
scissors,122.7,274.9,127.9,301.4,291.6,280.8,285.6
scissors,122.6,274.3,127.9,301.4,291.7,280.7,285.4
scissors,122.8,274.9,128.1,302.0,291.7,281.5,286.1
scissors,122.9,275.2,127.9,301.9,291.7,281.4,286.5
scissors,122.8,275.1,127.8,302.3,291.6,281.6,287.3
scissors,122.9,275.9,128.0,303.4,292.2,282.1,288.2
scissors,123.1,276.4,128.1,303.3,292.2,282.6,289.4
scissors,123.2,277.5,128.5,304.2,292.4,283.6,290.4
scissors,123.3,278.4,128.5,304.1,292.3,284.2,291.6
scissors,123.6,279.6,129.2,304.8,292.8,285.0,292.8
scissors,124.1,281.4,130.0,304.7,293.1,286.5,294.3
scissors,124.8,283.2,130.7,304.8,293.1,288.1,295.1
scissors,125.6,285.8,131.3,305.0,293.6,290.5,296.9
scissors,126.3,287.9,131.9,304.8,293.6,292.9,298.4
scissors,126.9,291.0,132.5,304.8,294.2,295.7,301.4
scissors,127.4,292.2,132.6,304.0,294.1,298.5,303.2
scissors,127.8,293.7,132.8,303.9,294.4,300.5,305.3
scissors,128.4,295.1,133.2,303.5,294.9,302.9,307.9
scissors,128.7,296.1,133.3,303.4,294.8,305.4,310.6
scissors,129.1,297.4,133.5,303.1,295.3,307.9,313.2
scissors,129.3,298.0,133.7,302.7,295.3,309.7,315.0
scissors,129.8,299.4,134.0,303.2,295.3,311.9,316.9
scissors,129.9,300.6,134.4,302.7,295.4,313.3,317.8
scissors,130.3,301.6,134.6,302.9,295.4,314.4,319.4
scissors,130.3,301.8,134.4,302.0,294.4,314.6,319.7
scissors,130.3,302.8,134.7,302.1,294.5,315.3,320.7
scissors,130.5,302.6,134.8,301.4,294.0,315.9,321.2
scissors,130.9,303.6,135.0,302.0,293.5,316.3,322.0
scissors,131.2,303.9,135.2,302.0,293.3,317.2,323.3
scissors,131.3,305.1,135.3,302.3,293.1,317.6,323.4
scissors,131.1,305.0,135.1,302.0,292.4,317.9,323.1
scissors,131.3,306.0,135.5,302.2,291.5,318.8,323.5
scissors,131.5,306.8,135.9,301.8,291.0,318.8,323.8
scissors,131.8,307.6,136.0,301.7,290.8,319.3,324.2
scissors,131.8,307.7,135.7,300.7,290.1,319.7,324.1
scissors,131.8,308.6,135.8,300.7,290.0,320.4,324.4
scissors,131.8,308.9,135.8,300.4,289.6,320.4,324.3
scissors,131.8,310.0,135.8,299.7,290.0,320.8,324.5
scissors,131.9,311.0,136.0,300.5,290.9,322.0,324.9
scissors,131.9,311.6,136.0,300.3,290.8,322.3,324.8
scissors,132.0,312.7,136.2,300.5,290.6,323.1,325.2
scissors,131.7,313.1,136.0,300.3,290.3,323.4,324.7
scissors,132.0,314.3,136.5,300.7,290.6,324.1,325.1
scissors,132.1,314.9,136.3,300.4,290.6,324.4,325.2
scissors,132.2,316.2,136.4,300.3,290.5,324.7,325.1
scissors,132.2,316.3,136.4,300.6,290.7,325.4,325.6
scissors,132.2,316.9,136.5,300.8,290.7,325.6,325.5
scissors,132.2,317.9,136.7,301.4,291.5,326.7,326.4
scissors,132.2,318.4,136.7,301.5,291.5,327.1,326.2
scissors,132.4,318.8,136.9,301.7,292.0,327.4,326.4
scissors,132.2,318.7,136.9,301.3,291.6,327.2,326.4
scissors,132.5,318.6,136.9,301.6,291.6,326.9,326.6
scissors,132.3,318.5,136.8,301.4,291.7,327.3,327.1
scissors,132.0,317.5,136.5,301.7,291.4,326.9,326.6
scissors,132.4,318.3,137.0,301.8,292.1,327.2,327.6
scissors,132.3,317.8,137.1,302.1,292.5,327.6,327.8
scissors,132.3,317.8,136.8,302.4,292.5,327.6,327.7
scissors,132.3,317.8,137.0,302.2,292.7,327.6,327.9
scissors,132.5,318.3,137.1,302.5,293.1,328.1,328.6
scissors,132.3,317.8,137.0,302.3,292.3,327.4,328.0
scissors,132.2,317.6,137.0,302.5,292.6,327.5,328.4
scissors,132.5,318.3,137.3,302.9,292.9,327.5,328.8
scissors,132.5,317.7,137.1,302.3,292.7,327.6,328.9
scissors,132.4,317.5,137.1,302.5,292.3,327.4,328.8
scissors,132.5,317.9,137.1,302.7,292.5,327.5,329.2
scissors,132.3,317.2,136.8,302.0,292.5,327.0,328.7
scissors,132.6,318.1,137.3,302.5,292.8,327.8,329.4
scissors,132.6,318.4,137.0,302.4,292.3,327.2,329.0
scissors,132.7,318.1,137.2,302.2,292.5,327.2,329.1
scissors,132.2,318.3,137.2,302.4,292.0,327.3,329.1
scissors,132.3,317.6,136.9,301.8,291.2,327.2,328.7
scissors,132.4,317.5,136.9,301.1,290.6,326.7,328.7
scissors,132.4,317.9,136.8,301.2,290.9,327.2,328.6
scissors,132.4,318.4,136.9,301.5,290.6,327.6,329.3
scissors,132.4,318.0,136.9,301.1,290.3,327.2,328.6
scissors,132.4,317.8,136.7,301.2,290.3,327.3,329.1
scissors,132.3,317.8,136.7,301.1,290.2,327.3,328.5
scissors,132.3,317.8,136.6,301.0,289.8,327.2,328.4
scissors,132.1,317.6,136.4,300.5,289.4,326.8,328.3
scissors,132.2,317.0,136.4,300.2,288.7,326.8,328.3
scissors,132.4,317.3,136.6,300.4,289.3,327.3,328.6
scissors,132.4,317.7,136.5,300.5,289.2,327.7,329.0
scissors,132.2,317.4,136.4,300.0,288.9,327.2,328.4
scissors,132.3,317.4,136.3,300.0,288.9,327.2,328.5
scissors,131.9,315.8,136.0,299.2,288.2,326.6,327.9
scissors,132.1,316.9,136.3,300.0,288.9,327.0,328.1
scissors,132.1,317.2,136.5,299.4,288.7,327.2,328.3
scissors,131.8,316.7,136.2,298.9,288.2,326.3,327.7
scissors,132.1,316.4,136.2,298.7,288.5,326.6,328.1
scissors,132.0,316.7,136.1,298.9,288.3,326.1,327.4
scissors,132.1,316.8,136.1,298.8,288.0,326.7,328.0
scissors,132.1,316.6,136.1,298.9,288.4,326.7,327.7
scissors,131.8,316.9,136.1,298.9,288.3,326.8,328.0
scissors,132.1,316.7,136.2,298.7,288.3,326.6,327.7
scissors,132.0,316.6,136.3,298.7,288.4,326.6,327.5
scissors,131.9,316.4,136.1,298.3,287.8,326.3,326.8
scissors,131.8,316.3,136.2,298.3,287.9,326.3,327.2
scissors,131.6,316.5,136.1,298.2,287.9,326.2,326.9
scissors,131.7,316.2,136.0,298.1,287.9,326.4,327.3
scissors,132.0,316.7,136.0,298.5,287.9,326.3,327.2
scissors,131.8,316.5,136.1,298.4,287.9,326.3,327.2
scissors,131.7,316.1,136.1,298.0,287.8,326.0,326.9
scissors,131.8,316.5,136.0,298.2,288.1,326.0,327.0
scissors,131.8,315.9,135.9,297.8,287.6,325.4,326.5
scissors,131.7,316.1,136.0,298.3,287.6,325.8,326.5
scissors,131.7,316.2,135.9,298.0,288.2,326.4,326.6
scissors,131.8,316.0,136.1,298.4,287.5,325.6,326.7
scissors,131.7,316.1,136.1,297.8,287.6,325.7,326.4
scissors,131.6,315.7,136.0,297.8,287.6,325.6,326.2
scissors,131.9,316.7,136.1,298.2,287.8,326.2,326.7
scissors,131.8,316.0,136.0,297.9,287.7,326.0,326.6
scissors,131.6,315.9,135.8,298.1,287.7,326.2,326.8
scissors,131.8,315.6,136.0,298.0,287.7,326.1,326.1
scissors,131.7,316.0,135.8,298.1,287.7,325.8,326.7
scissors,131.5,315.5,135.7,297.3,287.5,325.6,326.1
scissors,131.8,315.8,135.8,297.7,287.7,325.6,326.3
scissors,131.5,315.5,135.8,297.4,287.6,325.4,325.7
scissors,131.5,315.1,135.7,297.2,287.4,325.5,325.8
scissors,131.7,315.8,135.9,297.8,287.7,325.8,326.3
scissors,131.5,315.2,135.9,297.5,287.6,325.5,326.2
scissors,131.8,315.4,135.8,297.6,287.7,325.8,326.0
scissors,131.8,315.9,136.0,297.8,287.5,325.7,325.8
scissors,131.6,315.6,135.8,297.6,287.3,325.3,325.7
scissors,131.5,315.8,136.1,297.6,287.5,325.7,326.1
scissors,131.6,315.4,135.9,297.6,287.5,325.3,325.7
scissors,131.6,315.2,135.8,297.5,287.6,325.6,326.0
scissors,131.8,315.5,135.9,297.6,287.7,325.7,326.0
scissors,131.7,315.6,135.8,297.5,287.9,325.4,325.9
scissors,131.7,315.5,135.9,297.6,287.8,325.6,326.1
scissors,131.7,314.9,136.0,297.0,287.5,324.8,325.5
scissors,131.8,315.5,135.8,297.6,287.5,325.3,325.6
scissors,131.7,315.7,135.9,297.6,287.4,325.7,326.0
scissors,131.7,315.5,135.8,297.4,287.6,325.2,325.5
scissors,131.8,315.3,135.9,297.4,287.9,325.5,326.0
scissors,131.7,315.4,135.9,297.4,287.5,325.5,325.6
scissors,131.5,315.4,135.5,297.0,287.5,325.2,325.2
scissors,131.4,315.0,135.5,296.9,287.2,324.8,324.9
scissors,131.6,315.0,135.8,297.3,287.2,325.3,325.3
scissors,131.5,315.3,135.7,297.1,287.6,325.0,324.9
scissors,131.6,315.3,136.0,297.3,287.7,325.2,325.4
scissors,131.6,315.3,135.7,296.7,287.7,325.3,325.5
scissors,131.3,315.1,135.7,296.4,286.9,324.8,324.5
scissors,131.5,315.1,135.7,296.0,287.3,325.2,324.9
scissors,131.7,315.3,135.7,295.9,287.7,325.6,325.2
scissors,131.6,315.3,135.9,295.9,287.5,325.5,325.2
scissors,131.5,315.3,135.9,295.4,287.4,325.4,325.3
scissors,131.5,315.4,135.8,295.7,287.7,325.9,325.1
scissors,131.5,315.5,135.6,295.4,288.0,325.4,325.2
scissors,131.5,315.0,135.8,295.7,287.9,325.2,325.1
scissors,131.6,314.9,135.9,296.4,288.0,325.6,325.3
scissors,131.3,315.0,135.7,296.2,287.6,325.4,324.7
scissors,131.4,315.3,135.8,296.3,287.6,325.5,324.8
scissors,131.5,315.6,135.8,296.0,287.8,325.3,324.7
scissors,131.5,315.4,135.8,295.8,287.6,325.2,324.4
scissors,131.4,315.2,135.6,295.7,287.4,324.8,324.7
scissors,131.7,315.0,135.8,295.6,287.7,325.3,324.5
scissors,131.5,315.4,135.8,295.8,287.8,325.3,324.8
scissors,131.4,315.3,135.8,295.7,287.5,325.1,324.6
scissors,131.3,315.0,135.6,296.1,287.6,324.8,324.7
scissors,131.4,315.0,135.8,295.8,287.6,324.9,324.3
scissors,131.5,315.3,135.8,296.0,287.9,325.5,324.6
scissors,131.7,315.3,135.8,296.3,288.3,325.5,325.0
scissors,131.2,314.6,135.4,295.5,287.6,325.1,324.0
scissors,131.3,315.3,135.5,295.8,288.0,325.4,324.5
scissors,131.4,315.1,135.6,296.0,287.7,325.2,324.5
scissors,131.2,315.1,135.7,295.9,287.8,325.0,324.5
scissors,131.5,314.7,135.7,296.4,287.7,325.3,324.2
scissors,131.5,314.9,135.6,295.3,287.8,324.6,324.2
scissors,131.4,314.9,135.5,295.5,287.7,325.2,324.3
scissors,130.9,314.9,135.6,295.6,287.7,325.2,324.0
scissors,131.4,315.4,135.5,295.9,288.0,325.3,324.5
scissors,131.3,315.2,135.6,295.8,288.2,325.3,324.2
scissors,131.5,315.2,135.8,295.9,288.2,325.3,324.5
scissors,131.2,315.0,135.4,295.4,288.1,324.9,323.9
scissors,131.4,315.0,135.7,295.5,287.8,325.0,324.2
scissors,131.2,315.1,135.6,295.8,287.8,325.3,324.2
scissors,131.4,315.3,135.9,296.2,288.3,325.6,324.9
scissors,131.1,315.0,135.5,295.5,288.2,324.9,324.1
scissors,131.5,315.3,135.8,296.1,288.3,325.2,324.6
scissors,131.5,315.5,135.9,296.4,288.2,325.5,324.1
scissors,131.4,315.4,135.7,296.2,288.2,325.1,324.4
scissors,131.3,314.7,135.4,295.5,287.9,325.1,323.8
scissors,131.5,315.5,135.6,296.1,288.4,325.6,324.4
scissors,131.2,315.0,135.5,295.9,288.3,324.8,323.9
scissors,131.2,314.7,135.5,296.1,288.3,325.1,324.2
scissors,131.4,315.2,135.6,295.9,288.4,325.3,324.5
scissors,131.1,315.2,135.5,295.9,288.3,325.0,324.3
scissors,131.4,315.0,135.6,296.2,288.4,325.3,324.4
scissors,131.3,315.2,135.6,296.1,288.3,325.8,324.3
scissors,131.2,315.1,135.5,296.0,288.3,325.4,324.3
scissors,131.4,314.7,135.6,295.9,288.1,325.3,324.2
scissors,131.3,315.1,135.4,295.9,288.3,325.1,323.7
scissors,131.2,314.8,135.5,296.0,288.4,324.9,324.1
scissors,131.2,315.2,135.5,296.1,288.5,325.1,324.1
scissors,131.3,314.8,135.4,295.6,288.5,324.9,323.9
scissors,131.3,314.8,135.4,295.8,288.1,324.6,323.6
scissors,130.9,314.1,135.3,295.4,288.1,324.5,323.5
scissors,131.3,315.1,135.3,295.7,288.2,324.8,324.0
scissors,131.2,315.0,135.3,295.8,288.2,325.0,323.6
scissors,131.2,314.8,135.4,295.9,288.2,324.9,323.6
scissors,131.2,315.1,135.2,295.7,288.2,325.2,323.5
scissors,131.2,315.2,135.4,295.6,288.0,325.1,323.5
scissors,131.4,315.5,135.6,296.3,288.6,325.6,323.9
scissors,131.2,314.9,135.5,295.6,288.2,325.1,323.5
scissors,131.3,314.9,135.7,295.8,288.4,325.1,323.7
scissors,131.3,315.3,135.5,295.9,288.2,325.2,323.7
scissors,131.4,315.1,135.4,296.0,288.3,324.9,323.8
scissors,131.4,315.1,135.5,296.1,288.6,325.4,323.4
scissors,131.2,314.9,135.3,295.5,288.1,324.8,323.6
scissors,131.1,314.5,135.3,295.9,288.2,325.0,323.2
scissors,131.0,314.5,135.3,295.2,288.0,324.5,323.2
scissors,131.3,314.6,135.6,296.0,288.4,325.4,323.7
scissors,131.2,314.9,135.5,295.5,288.3,324.9,323.3
scissors,131.0,314.8,135.3,295.4,288.3,324.9,323.2
scissors,131.1,314.7,135.3,295.6,288.2,325.0,323.1
scissors,131.3,314.7,135.3,295.7,288.0,324.7,323.9
scissors,131.1,314.2,135.2,295.5,288.3,324.7,323.2
scissors,131.1,314.9,135.4,295.8,288.1,324.6,323.2
scissors,130.9,314.7,135.2,295.4,288.0,324.9,323.6
scissors,131.0,314.5,135.2,295.8,288.4,325.5,323.3
scissors,131.1,314.3,135.0,295.7,288.5,324.8,323.6
scissors,131.1,314.3,135.2,295.4,288.1,324.7,322.8
scissors,131.1,314.4,135.1,295.4,288.2,324.9,323.0
scissors,131.0,314.4,135.3,295.6,288.2,325.0,323.2
scissors,131.0,314.7,135.5,295.8,288.4,325.3,323.4
scissors,131.1,314.3,135.2,295.6,288.1,324.9,323.3
scissors,130.9,314.0,134.9,295.3,288.1,324.6,323.1
scissors,130.8,314.1,135.2,295.4,288.2,324.8,323.4
scissors,131.1,314.5,135.3,295.5,288.5,324.9,323.5
scissors,131.0,314.5,135.2,295.4,288.3,324.6,323.1
scissors,130.9,313.8,135.1,295.2,288.2,324.6,322.5
scissors,130.7,314.3,135.1,295.4,288.5,324.8,323.2
scissors,131.0,314.5,135.2,295.7,288.2,325.1,322.9
scissors,131.0,313.9,135.3,295.3,288.2,325.0,323.2
scissors,131.1,314.4,135.2,295.4,288.3,325.6,323.2
scissors,131.1,314.2,135.1,295.3,287.9,324.9,322.7
scissors,131.1,314.0,135.1,295.6,288.5,325.4,323.3
scissors,130.7,313.8,134.9,295.0,287.8,324.9,322.6
scissors,131.2,314.0,135.1,295.6,288.0,325.8,323.3
scissors,131.2,313.9,135.2,295.9,288.1,325.6,323.1
scissors,131.0,313.9,135.2,295.4,287.9,325.3,323.4
scissors,131.3,313.7,135.0,295.3,288.6,325.5,323.4
scissors,131.1,313.6,135.2,295.4,288.2,325.1,323.4
scissors,131.1,313.8,135.1,295.3,288.2,325.4,323.2
scissors,131.1,313.7,135.1,295.4,288.0,325.0,322.8
scissors,131.1,313.8,134.9,295.5,288.2,325.2,323.1
scissors,130.9,313.3,135.1,295.5,288.0,325.1,322.8
scissors,131.2,313.9,135.1,295.8,288.2,325.4,323.6
scissors,131.0,313.6,135.2,295.9,288.4,325.6,323.6
scissors,130.9,313.4,135.1,295.3,288.1,325.2,323.0
scissors,131.0,313.1,134.9,295.3,288.0,325.0,322.8
scissors,130.7,313.4,135.0,295.2,287.9,324.7,322.7
scissors,130.9,313.1,134.9,295.1,287.9,324.7,322.8
scissors,131.2,313.7,135.4,295.6,288.2,325.3,323.0
scissors,130.9,313.2,134.8,295.4,287.9,324.6,322.5
scissors,130.9,313.4,135.1,294.9,287.7,324.9,322.6
scissors,131.0,313.8,135.1,295.8,288.6,325.2,323.3
scissors,130.9,313.6,135.1,295.6,288.2,325.1,322.9
scissors,130.8,313.3,134.9,294.9,287.9,324.5,322.7
scissors,131.1,313.9,135.2,295.8,288.6,324.9,323.4
scissors,130.9,313.3,134.9,295.2,288.2,324.9,323.1
scissors,130.8,313.8,135.3,295.3,288.3,325.3,323.0
scissors,130.9,313.1,135.2,295.4,287.9,324.9,323.0
scissors,130.9,313.6,135.0,295.6,288.3,325.1,322.7
scissors,131.0,313.5,135.1,295.8,288.5,325.3,323.2
scissors,130.7,313.2,135.0,295.7,288.0,324.9,322.6
